8 45 1 topLeft
6.720080260868656, 46.4933664213329
6.720538692167651, 46.49319237135875
6.720891837503558, 46.493365890701114
6.721253637034323, 46.493318161665634
6.7213460554786195, 46.49312063909209
6.720768392252694, 46.49303773165203
6.720544766703171, 46.49270362088601
6.720057441867056, 46.492670752698885

8 120 1 topLeft
6.720080260868656, 46.4933664213329
6.720538692167651, 46.49319237135875
6.720891837503558, 46.493365890701114
6.721253637034323, 46.493318161665634
6.7213460554786195, 46.49312063909209
6.720768392252694, 46.49303773165203
6.720544766703171, 46.49270362088601
6.720057441867056, 46.492670752698885

6 135 1 bottomRight
6.720080260868656, 46.4933664213329
6.7207780763674805, 46.493370818994585
6.720763570828751, 46.49298100337975
6.721303436528899, 46.49297676869388
6.721305885676372, 46.49271502850388
6.720057441867056, 46.492670752698885

6 90 0.5 topRight
6.720080260868656, 46.4933664213329
6.7207780763674805, 46.493370818994585
6.720763570828751, 46.49298100337975
6.721303436528899, 46.49297676869388
6.721305885676372, 46.49271502850388
6.720057441867056, 46.492670752698885

8 90 2 topRight
6.720063566049362, 46.49322372950946
6.7207780763674805, 46.493370818994585
6.7212712477887635, 46.49335950619116
6.720736949860424, 46.49308640353361
6.7207156186166515, 46.49294557577126
6.721303436528899, 46.49297676869388
6.721109975675262, 46.49271365468026
6.720057441867056, 46.492670752698885

6 48 1 topLeft
6.720071450209218, 46.49335800679718
6.7207780763674805, 46.493370818994585
6.721303436528899, 46.49297676869388
6.72086685875351, 46.49296967538055
6.720567411831553, 46.49271589403293
6.720057441867056, 46.492670752698885

6 90 1 topLeft
6.720071450209218, 46.49335800679718
6.7207780763674805, 46.493370818994585
6.721303436528899, 46.49297676869388
6.72086685875351, 46.49296967538055
6.720567411831553, 46.49271589403293
6.720057441867056, 46.492670752698885