6
200 200
300 100
400 200
400 300
300 400
200 300
300 250
22
213.48245433035663 313.48245433035663
200 263.1652497587397
202.98154371500277 197.01845628499723
241.76672557781785 341.76672557781785
270.0509968252809 370.0509968252809
219.3114753335576 180.68852466643875
235.6414069521088 164.35859304788755
298.33526807274757 398.33526807274757
315.3687981922267 384.6312018077733
251.97133857066365 148.02866142933635
268.3012701892221 131.69872981078151
331.6987298107779 368.3012701892185
348.02866142933635 351.97133857066365
284.6312018077733 115.36879819222668
301.66473192725243 101.66473192725243
364.35859304788755 335.64140695211245
380.6885246664424 319.3114753335576
329.94900317471183 129.94900317471547
358.2332744221785 158.2332744221785
397.0184562849972 302.9815437150028
400 236.83475024126164
386.51754566964155 186.51754566964155
